 BEGIN header
  
 END header
  
                                      0
                     -7.3699594077311005E+001   -7.3699594077311005E+001                             <-- E
                      6.7652195618091078E+000    0.0000000000000000E+000    0.0000000000000000E+000  <-- h
                      4.1423654301974360E-016    6.7652195618091078E+000    0.0000000000000000E+000  <-- h
                      4.1425022409492917E-016    4.1425022409492917E-016    6.7652195618091078E+000  <-- h
                     -8.0019187900289034E-004   -4.4254468022962117E-011    1.9536454270296774E-010  <-- S
                     -4.4254468022962117E-011   -8.0019293138113045E-004    9.6259426084845201E-010  <-- S
                      1.9536454270296774E-010    9.6259426084845201E-010   -8.0019103989436462E-004  <-- S
 Ca              1    0.0000000000000000E+000    0.0000000000000000E+000    0.0000000000000000E+000  <-- R
 Ca              2    3.3826097809045539E+000    3.3826097809045539E+000    3.3826097809045539E+000  <-- R
 Ca              1    1.0642107949753951E-008   -4.1495642774422320E-008   -7.9642595143789448E-008  <-- F
 Ca              2   -1.0642107949753951E-008    4.1495642774422320E-008    7.9642595143789448E-008  <-- F
  
                                      1
                     -7.3739877243565758E+001   -7.3739877243565758E+001                             <-- E
                      7.2652189042309292E+000    2.7652373751007113E-008   -1.2207339945232176E-007  <-- h
                      2.7652374195858775E-008    7.2652195618087445E+000   -6.0147635844915508E-007  <-- h
                     -1.2207339900745540E-007   -6.0147635800428872E-007    7.2652183799145478E+000  <-- h
                     -4.2178174542794759E-004    2.2811760681210084E-010    5.2120324792781177E-010  <-- S
                      2.2811760681210084E-010   -4.2178238265090255E-004    7.5592640790306740E-010  <-- S
                      5.2120324792781177E-010    7.5592640790306740E-010   -4.2178174597429875E-004  <-- S
 Ca              1    1.2756321999069981E-008   -4.9739364406732115E-008   -9.5464767483996443E-008  <-- R
 Ca              2    3.6326093921486304E+000    3.6326095437317445E+000    3.6326089236471626E+000  <-- R
 Ca              1   -4.9593466369846915E-009    1.2245493042251047E-008    1.0506634751711716E-008  <-- F
 Ca              2    4.9593466369846915E-009   -1.2245493042251047E-008   -1.0506634751711716E-008  <-- F
  
                                      2
                     -7.3763383690161533E+001   -7.3763383690161533E+001                             <-- E
                      7.7652182354910293E+000   -8.3982722597148790E-009   -3.4764758218518574E-007  <-- h
                     -8.3982736410533474E-009    7.7652195618083155E+000   -1.2567305621412358E-006  <-- h
                     -3.4764759665962382E-007   -1.2567305808182604E-006    7.7652173060024419E+000  <-- h
                     -1.4219902751509477E-004    2.5399747735398688E-011    3.3594365497372190E-010  <-- S
                      2.5399747735398688E-011   -1.4219918098551170E-004    1.0228959944086406E-009  <-- S
                      3.3594365497372190E-010    1.0228959944086406E-009   -1.4219911583520642E-004  <-- S
 Ca              1    2.1989455263399819E-008   -8.9149748289752845E-008   -1.7735151753710693E-007  <-- R
 Ca              2    3.8826089177331240E+000    3.8826092374894796E+000    3.8826080281636672E+000  <-- R
 Ca              1   -4.7135057062161677E-009    1.5453033081814939E-008    2.4960475362768226E-008  <-- F
 Ca              2    4.7135057062161677E-009   -1.5453033081814939E-008   -2.4960475362768226E-008  <-- F
  
                                      3
                     -7.3769141193997925E+001   -7.3769141193997925E+001                             <-- E
                      8.2076194949886006E+000   -1.9330206084621868E-008   -6.0998977418924045E-007  <-- h
                     -1.9330209864753775E-008    8.2076213837789158E+000   -2.1404521332510275E-006  <-- h
                     -6.0998981287809489E-007   -2.1404522741062916E-006    8.2076182451141353E+000  <-- h
                     -1.2767260843741456E-005    1.8442976274899416E-011    3.4201378437730190E-010  <-- S
                      1.8442976274899416E-011   -1.2767668813930338E-005    6.9257647548459902E-010  <-- S
                      3.4201378437730190E-010    6.9257647548459902E-010   -1.2766821094605046E-005  <-- S
 Ca              1    2.8837048021543543E-008   -1.1951259514030371E-007   -2.4183627539858796E-007  <-- R
 Ca              2    4.1038094039972410E+000    4.1038097315108137E+000    4.1038079891723918E+000  <-- R
 Ca              1   -2.6144931736462270E-009    1.3674195382152470E-008    2.8239442538474638E-008  <-- F
 Ca              2    2.6144931736462270E-009   -1.3674195382152470E-008   -2.8239442538474638E-008  <-- F
  
                                      4
                     -7.3769250047297419E+001   -7.3769250047297419E+001                             <-- E
                      8.2915376423870661E+000   -2.7367383104396846E-008   -7.7479391704960854E-007  <-- h
                     -2.7367399914217987E-008    8.2915397831838327E+000   -2.5294950604939892E-006  <-- h
                     -7.7479396712028938E-007   -2.5294952314402016E-006    8.2915361665454270E+000  <-- h
                      6.6530827605680019E-007   -1.3296930658284420E-011    1.6066387313341585E-010  <-- S
                     -1.3296930658284420E-011    6.6481155459769679E-007    4.7725730212906336E-010  <-- S
                      1.6066387313341585E-010    4.7725730212906336E-010    6.6563514054713555E-007  <-- S
 Ca              1    2.8759566784977886E-008   -1.1744309105551228E-007   -2.3748674086281251E-007  <-- R
 Ca              2    4.1457683913532826E+000    4.1457687306037014E+000    4.1457666686149679E+000  <-- R
 Ca              1   -3.6119922812271107E-009    1.4393262291107808E-008    2.9045179693263192E-008  <-- F
 Ca              2    3.6119922812271107E-009   -1.4393262291107808E-008   -2.9045179693263192E-008  <-- F
  
                                      5
                     -7.3769250641931748E+001   -7.3769250641931748E+001                             <-- E
                      8.2873004332267346E+000   -2.4627027505436198E-008   -8.0025464888052061E-007  <-- h
                     -2.4627045792726813E-008    8.2873026593341486E+000   -2.6070114444886209E-006  <-- h
                     -8.0025469716479553E-007   -2.6070116058637651E-006    8.2872989025932071E+000  <-- h
                      2.2121596972621053E-007   -2.2780589657881862E-013    9.6857109736899194E-011  <-- S
                     -2.2780589657881862E-013    2.2083848102618979E-007    3.9680863058566941E-010  <-- S
                      9.6857109736899194E-011    3.9680863058566941E-010    2.2145621425534216E-007  <-- S
 Ca              1    2.7496667029584847E-008   -1.1244249729940187E-007   -2.2739305019517349E-007  <-- R
 Ca              2    4.1436497766758285E+000    4.1436501262902556E+000    4.1436479750566102E+000  <-- R
 Ca              1   -3.4405438082478917E-009    1.3959841145039248E-008    2.8195960723436702E-008  <-- F
 Ca              2    3.4405438082478917E-009   -1.3959841145039248E-008   -2.8195960723436702E-008  <-- F
  
